0.15591974854469298
0.10599789023399353
-0.1658787190914154
0.17917383462190628
0.04297517240047455
0.9888807535171509
0.6547598719596863
0.7007495164871216
0.26061828931172687
0.24898604154586793
0.3176535367965698
-0.46982359886169434
-0.539697241783142
-0.00918567180633545
-0.9999932050704956
0.08748584134238106
0.9078603386878967
-0.1729719489812851
-0.32390444146262276
0.28104692697525024
-0.28991129663255477
0.11259056329727173
0.006553709506988525
0.8681328296661377
-0.011722743511199951
0.5770902633666992
0.2644043167432149
-0.05304332077503204
0.7447817549109459
-0.308887904882431
-0.3166942199071248
0.40050949652989704
0.9660649001598358
0.4810882806777954
0.7767095148563385
-0.5473817408084869
0.22895830273628234
0.02690313458442688
-0.5006317363844978
0.9493367910385132
-0.6268413886427879
0.13195794820785522
-0.5972775022188822
0.427313432097435
0.45205485820770264
0.14726576540205213
-0.08727939639772687
0.6406410217285157
-0.4776423051953316
-0.36314289768536884
-0.14167200028896332
0.3262234151363373
-0.08305320143699646
0.19575624465942382
0.6595767140388489
0.02437056601047516
0.34663230180740356
0.45128561556339264
0.5727332890033722
-0.01065969467163086
-0.38921894133090973
0.36378488938013714
-0.0031489580869674683
0.5849755803743998
-0.09394970536231995
-0.15731641054153442
0.03208248317241669
0.5330143703354729
0.18973093032836913
-0.05462608734766642
0.12685389320055643
-0.3816926223891122
-0.0958787269062466
-0.29344961047172546
-0.8495751874787467
0.08083945512771606
-0.11845830082893372
0.4618956616946629
-0.36041271024280125
0.33516290358134676
0.006139487028121948
0.7527692649099562
-0.9948617815971375
0.6451254884401957
-0.27613525837659836
0.08780915207333034
0.11287869347466363
0.731334276497364
0.6830755323171616
0.55220142338011
0.6116597175598144
0.3053056299686432
0.7020620167255401
-0.2560059607028961
0.005499213933944702
0.8959946235020956
-0.5963981747627258
-0.11222232712639703
-0.6388546483857291
0.2773127853870392
0.3462101419766744
-0.48330844193696976
-0.8629816889762878
0.09434195359547932
-0.3274775875939263
-0.252738893032074
0.7452434301376343
0.449302077293396
-0.684788737978254
0.11890112502234322
0.3786397065435137
-0.1357136607170105
0.6397678653399149
0.9309447904427847
-0.19038277864456177
-0.1992021401723226
0.01980860365761651
-0.16237921374184744
-0.044078880548477174
0.5383998632431031
0.9993578791618347
0.5031223967671394
0.19959644228219986
0.9581225684710911
0.9815272291501363
0.3553517725732591
-0.3405901889006297
-0.6970085203647614
-0.13122224807739258
-0.2754976948102315
0.3350104093551636
0.3597043951352437
-0.08389437198638916
0.43628028631210325
0.7916310032208761
0.06895409524440765
-0.599283766746521
0.5719261765480042
0.492161862552166
-0.4814305454492569
0.8776719570159912
0.7711553424596786
-0.7197153195738792
0.9449395015835762
0.48849934339523315
-0.8555456846952438
-0.1746699469430106
-0.6197230219841003
-0.20190454721450807
-0.18373998403549194
0.47769557578223093
0.9989994764328003
-0.2779750313077654
-0.21005691289901735
-0.05719856917858124
0.6022601246833801
0.15818263424767387
-0.43673337357384817
0.3735898468229506
-0.035970340172449745
-0.005004912614822388
0.3913808763027191
-0.09273590644200642
-0.1654854350619846
-0.6280362660234625
0.33716003596782684
0.3149673442045848
0.2635001465678215
-0.021137595176696777
-0.5478752851486206
-0.3031501571337382
-0.5998204449812571
0.15169980128606161
0.2709053516387939
0.17042269309361777
-0.30477789640426634
-0.9780087967713674
0.3989629844824473
0.08649481194359916
0.08585482835769653
-0.9425324201583862
-0.2381831854581833
-0.7059321914400373
0.6708595355351766
0.349691500266393
-0.18543328046798707
0.7145467741148812
-0.6886374354362488
0.36795774433347916
-0.49030230939388275
-0.6221774518489838
-0.16610640287399292
-0.34513115882873535
-0.10065524280071259
0.5209465424219767
-0.5599339008331299
0.15083984136581421
0.3234889772203233
0.37872523731655544
0.5318256169557571
-0.6893025115132332
0.13448731388364518
0.5854613304138183
0.5023071095347404
0.33806808505739483
0.5829823017120361
0.9716949760913849
-0.7321125343441963
0.4860256850719452
-0.725890763103962
0.26912104338407516
0.42684876918792725
-0.9984417408704758
0.24963145703077316
-0.51369409263134
0.4411494050707136
0.06327946484088898
-0.18559584617614747
0.6738137006759644
0.9585799177487692
-0.2887049913406372
-0.4724332243204117
-0.34413760900497437
0.43551164865493774
0.6197917801993233
-0.08193578038896833
-0.23937809467315674
0.5013583675026894
0.3636088768641154
0.4416717439889908
-0.7360204607248306
-0.5410982728004455
0.028778433799743652
0.33317267894744873
0.4911234709951613
0.11045494675636292
0.08231670409440994
-0.17653489112854004
0.42651575141482884
0.8989653587341309
-0.20311130285263063
-0.15171082814534506
0.1412210530704922
-0.29987431234783596
-0.05681025981903076
0.07740015387535096
0.06851302087306976
-0.14748653024435043
0.47527870535850525
-0.018041735887527464
-0.45259977132081985
0.2619605561097463
0.30003918210665387
-0.3827889204025269
0.9977129548788071
-0.017071232199668884
-0.4070196681552463
0.582967472076416
0.42516400416692096
-0.6896551847457886
0.2917142179277208
-0.1875309177807399
0.4098857268691063
0.9220814257860184
0.02035517990589142
0.005186855792999268
0.7397819558779398
0.49885666370391846
0.18975516160329184
0.9892804265022278
0.5225905179977417
-0.8177544951438904
-0.3712521294752757
0.7012581924597422
-0.4892284075419108
-0.913468599319458
0.12702690064907074
-0.2627273052930832
0.9257085919380188
-0.9162664115428925
0.469232901930809
0.4522403819220407
-0.3315392600165473
-0.722798364503043
0.04213866591453552
0.013954484462738037
-0.12084884444872539
0.8931889533996582
0.49439944823582965
0.5852603316307068
-0.5357349753379822
0.3715637789832221
-0.1656927296093532
0.48039091378450394
-0.29584434628486633
0.4379584491252899
0.11851982937918769
-0.45893968854631695
0.27505848556756973
0.006110072135925293
0.060745987627241343
0.1573046644528707
0.716641902923584
-0.12662392854690552
0.34260107080141705
0.21326760053634644
0.011060379445552826
0.3935271104176839
0.5433762338426378
0.7531940817832947
0.3488682111104329
0.5598723411560058
0.9669159395354134
0.14437389373779297
0.21932384371757507
0.20937729626893997
-0.6445847068514142
-0.3489379048347473
-0.3663764066166348
0.5805578298038907
-0.8335683345794678
-0.13217327329847547
-0.3249583499772208
0.7472226818402609
-0.08445866618837629
0.5833425323168436
0.7209727838635445
0.562721225950453
0.7045586705207825
0.5361952318085564
0.7309477130572001
0.032547271251678465
0.9715157270431518
-0.5204076915979385
0.8102540299296379
-0.32999375131395126
0.946322113275528
-0.08318595375333514
0.29862746265199447
-0.3020956450038486
-0.535659929116567
-0.06802710145711899
0.891268253326416
0.8778226852416993
0.25135289629300434
-0.31393973694907296
0.5757879376411438
0.5188489079475402
0.36422042335782734
-0.1241498419216701
0.9597339459827968
-0.1139565176433987
-0.4042850732803345
-0.279956716299057
-0.5019615143537521
0.1332361896832784
0.4430162236094475
0.25532257556915283
-0.4207439025243123
-0.007741689682006836
0.9367940723896027
0.5069215536117554
0.99983811378479
-0.8974314451217651
-0.05494975050290426
0.0019566714763641357
-0.18899480104446412
0.9251889652676053
-0.5733875513076783
0.2520032354763576
-0.5859701097011566
0.577682375907898
0.5830646380782127
0.6491284072399139
0.9167839686075846
-0.0356353297829628
0.586021214723587
0.09533123175303142
-0.9996852278709412
0.1362842798233032
-0.2761912743250529
0.9371860027313232
0.2657359540462494
0.37589211974825176
0.28654245535532635
-0.22701340913772583
-0.9992157518863678
-0.4255080024401347
0.003875980774561564
-0.5781008124351501
-0.13281629234552383
-0.022788782914479572
-0.4869230219296047
-0.3692198693752289
-0.022663041949272156
-0.29637900988260907
-0.6590311427911123
0.444038525223732
0.3619316518306732
0.1544945306248135
-0.7442675232887268
0.12404956420262654
0.9706984698772431
-0.9963628550370535
0.5576685965061188
0.5334938645362854
0.20555110275745392
0.2851284212536282
0.3819488542420523
-0.1650233119726181
-0.8182078467475044
-0.3547515273094177
0.4910084775515965
0.33962485619953703
-0.005143016576766968
-0.6399880051612854
0.4282278759138925
0.08318819318498884
0.6871747374534607
0.7742430120706558
-0.03250135978062948
-0.028817075490951537
0.33955681324005127
0.33646925290425617
-0.1661195158958435
-0.21677836030721664
-0.7138680087195503
-0.5464363336563111
0.546370553970337
0.6053098142147064
0.0123081902662913
-0.04072962701320648
-0.9671118557453156
0.3199109733104706
0.30538730488883126
0.06722517808278401
-0.19286085878099715
-0.08576586511400011
-0.2893759210904439
0.43578706979751586
0.7526623785495759
-0.014291783173878988
-0.8891165554523468
-0.7350762685139974
-0.3803202642334832
-0.9947572350502014
0.11774073706732856
0.41772863268852234
0.9973957538604736
0.79147669672966
0.5880910158157349
-0.7030570336750576
-0.19490431249141693
0.21901039481163026
0.9965296188990275
-0.9976564168930053
0.35511002540588377
0.6290080696344376
-0.24784409006436667
-0.2592315971851349
-0.2738705575466156
0.7701479991277059
-0.6352974110179477
0.029900234937667847
-0.04974019527435303
0.013439357280731201
0.7136111855506897
-0.1677351395289103
0.541310441493988
0.1681104169951545
0.11872541904449463
-0.2286471962928772
0.07799420091840956
0.7308583458264669
0.444766104221344
0.4743121862411499
0.8931255255426679
0.16037387980355156
-0.07702411711215973
-0.09262275695800781
0.7829557731747627
-0.25358883539835614
0.2739936947822571
-0.30927225947380066
0.9997803270816803
0.33901597559452057
-0.8630716919898986
0.13078445196151733
0.5033912360668182
0.32667709248406546
-0.19235943423377144
0.9983688235282898
0.291345477104187
0.502172514796257
0.8408291935920715
0.7764738334549798
0.2436436176300049
0.17211127281188965
0.8903942836655511
0.5471644534005059
-0.3571680635213852
-0.020789790153503417
0.4608253770404392
0.3245435290866428
0.1610966126124064
-0.023630744218826293
-0.7641376331448555
0.18555659907204763
0.14588141441345215
0.905328665460859
0.43074742385319303
0.7914034061961703
0.9312031269073486
0.19871335559421116
-0.29862190617455375
0.6574167694364276
0.4273520350456238
0.8798483729362487
0.4645279049873352
0.6488744914531708
-0.2597188353538513
0.5023758742544386
-0.016397754351298015
-0.043450733025868736
0.08410243855582343
0.6224969506263733
0.005674825774298774
0.011277817189693451
0.8601666837930679
-0.2979975740114848
0.07349716765539986
0.3064450979232788
-0.194961279630661
-0.36522043413586086
0.25348397344350815
0.16232952049800328
0.6367051601409912
0.2529144585132599
-0.8961287021636963
0.6991161942481995
-0.35194318493207294
0.9614880283673605
0.9196330904960632
0.9431613832712173
-0.7687936499714851
0.43376238856996807
-0.7486099998156229
0.6397940686770848
0.30003848671913147
0.941733161608378
-0.20479174703359604
0.979851371049881
-0.3688279191652934
0.1727382093667984
-0.24322872161865233
0.9966541358402797
0.6967153549194336
-0.20382080078125
0.012500151991844177
-0.19915997982025146
-0.6177565574645996
-0.446237213909626
0.9881707668304444
0.4033085363251822
-0.27865099906921387
0.37277595400810243
-0.6448421478271484
0.9493853986263275
-0.9306301644870213
0.11703513562679291
0.42812269926071167
0.001995980739593506
0.6076130986213684
0.9740966728755406
0.10616030544042587
-0.7196097459111895
0.6115435461203257
0.3255897065003713
0.4394214332103729
0.9493801072239876
-0.7631479650735855
0.35567016734017265
-0.6145523071289063
-0.9697143038113912
0.37753887687410626
0.17704446826662337
0.4457425815718515
0.024542242288589478
0.12926916480064393
-0.05536240339279175
0.9814902544021606
-0.33429797490437824
0.2451401154200236
0.9513716797033945
0.4400900536113315
0.7597836520936754
0.015322118997573853
0.25105102062225343
0.7973247766494751
-0.28567158182462055
0.896629776273455
0.43440325771059307
-0.21275457739830017
0.055161883433659874
0.21283339262008666
-0.5403555697864957
-0.04411136110623678
-0.08638246059417724
-0.25039047598838804
-0.7797911763191223
-0.281901216506958
0.3913484811782837
0.6483449680464608
0.441590316593647
-0.9355854988098145
-0.37334562010235256
-0.40242594480514526
-0.2538674473762512
-0.2033077393259321
0.9875660836696625
-0.7268062680959702
0.1967040181159973
0.6475809386798314
-0.12904019866670882
0.23273319005966187
0.9196132024129232
0.06905153062608507
-0.539116096496582
0.4302856411252703
-0.05184962352116903
-0.025843769311904907
0.13530620336532592
-0.0012662410736083984
-0.36926184097925824
0.15122037529945373
-0.5053404495120049
-0.21219191700220108
0.3434521026081509
0.9830351829528808
0.4805174618959427
-0.2383396327495575
-0.8579762876033783
0.724467046558857
0.023106038570404053
0.5182158814536201
-0.20817113584942287
0.5271294977929857
-0.9899336695671082
-0.9775042057037353
-0.0017919010586208766
0.283494770526886
0.15594857268863255
0.7399804666638374
-0.7636387433324542
0.5635473231474558
-0.06221119846616473
-0.0434536337852478
0.4596567898988724
0.18763742446899415
0.8573912084102631
0.9920391241709391
0.7719701358250209
-0.3577152556843228
0.24953731894493103
0.6892597675323486
-0.13840935627619425
-0.1057293244770595
0.48644385167530607
-0.8875730293137687
-0.6345288923808506
0.9918989062309265
-0.9960974156856537
-0.6636767506599426
0.8681255131959915
-0.2590370873610179
-0.659527063369751
0.18018878357751028
-0.16588395833969116
0.20131149291992187
0.27508034876414705
0.043280228972435
0.7414755480630058
0.46880395544899833
0.49303698539733887
0.20260729789733886
0.7729733917448256
-0.31903666257858276
-0.4672721862792969
0.10599788029988606
0.7695197131898668
0.7321199551224709
-0.10776997464043754
-0.021481655538082123
0.1555435061454773
-0.30086828271547955
-0.26707514375448227
-0.25792858749628067
0.9947325686613718
-0.0799999577658517
-0.1768212080001831
-0.11947380006313324
-0.32103990183936226
-0.5219132751226425
-0.6930123046040535
0.19413064420223236
0.2376733124256134
0.9888397306203842
0.09898780073438372
0.4889736771583557
0.17686251401901246
0.11965075135231018
-0.5967124038272433
0.9755254626274109
0.23689497709274293
-0.7169049009680748
-0.4695354104042053
0.9964107871055603
0.9980496168136597
-0.9998802608913846
0.9402567148208618
0.5908535122871399
-0.5230962501631843
-0.4540803790092468
-0.39673810535007054
-0.6900491969926017
-0.15889877932412283
0.4342598468065262
0.01006748080253601
-0.1609511375427246
0.4852237105369568
0.766349732875824
0.07456530332565307
-0.9112615386644999
0.990140457948049
0.5369861807141986
0.09613127840889825
0.5408201590180397
-0.3079255670309067
0.47876973152160646
0.2700998882452647
-0.4611698165535927
-0.07841692864894867
0.1084007289674547
0.5545993546644846
-0.09643194824457169
0.8726104944944382
-0.20197143157323202
-0.149601419766744
-0.8653708696365356
0.23681006580591202
0.6424181684851646
0.3490280508995056
-0.6467531067984444
-0.33488039175669354
0.6051266670227051
-0.058605656027793884
-0.10359400510787964
0.9933810234069824
-0.0019503235816955566
-0.004797816276550293
0.8621906936168671
0.33173251152038574
-0.5010154545307159
0.6625083759427071
-0.24268995523452758
0.24686806201934813
0.7456203162670135
0.16883889436721802
0.4714028090238571
-0.9171107411384583
-0.0063499584794044495
0.15064112345377603
-0.43613731265068056
-0.415351322719029
0.9923573285341263
0.5773370762666067
0.5175252914428711
0.776449978351593
0.20491201281547547
0.05764739215373993
-0.004157257080078125
-0.26192259788513184
0.5449987649917603
-0.6849733761378697
0.1615944981575012
0.36861242055892945
-0.6404255032539368
0.0339309498667717
0.9961147393499102
0.035879746079444885
0.24907305091619492
0.6479180455207825
-0.5198861002922058
-0.18139370679855346
0.9895157366991043
-0.15805720686912536
0.6475962400436401
0.5947880811161466
0.5932809352874756
0.9634393453598022
-0.09908550977706909
-0.5671255687872568
0.09260962009429932
-0.47973115576638115
-0.3147651255130768
0.30098103483517963
-0.0049509406089782715
-0.5642645001411438
-0.022881841659545897
-0.8689554135004679
0.1601836151546902
0.13212835126452976
-0.5460470914840698
0.3702435152871268
0.9829992055892944
0.23404693603515625
-0.6282524381365094
0.8201331079006196
0.7434663431985038
0.5729209661483765
-0.33647571007410687
-0.7181412662778582
-0.7477081045508385
-0.1880204200744629
-0.7509098119205899
0.050895899534225464
0.9980313181877136
0.24900197982788086
-0.2116423726081848
0.23753454287846884
-0.48323073983192444
0.30241335100597805
-0.817883292833964
-0.3287033438682556
-0.855920692284902
-0.02953067421913147
0.3409213125705719
0.525030541419983
-0.21714278629847936
0.18860001223427908
-0.13226989905039468
-0.19949643611907958
-0.607249120871226
-0.09979410171508789
-0.020902059972286224
-0.4754470984141032
0.31978924406899345
0.5678199052810669
0.5870498776435852
0.5821606874465942
-0.2902413606643677
0.7225571605894301
-0.2486896514892578
0.28941777944564817
-0.7350186705589294
-0.5541515290737152
0.16483235359191895
0.4282232880592346
-0.14613827637263707
0.2808273911476135
0.41208641869681223
0.3195718030134837
-0.5907434225082397
-0.6441697597503662
0.3195861577987671
-0.014640947182973226
0.9569746255874634
0.20687763558493721
-0.09482433795928955
-0.33291852474212646
0.9329011976718903
-0.0010120868682861328
-0.3253512846099006
0.9984375834465027
0.7556498646736145
0.3089052041371663
0.23491375976138645
-0.116501165760888
-0.4827728122472763
-0.008462923765182494
-0.4352005794644356
0.00719548761844635
-0.44096314907073975
0.17446709424257278
-0.4099367005484445
-0.7778396904468536
-0.7010746896266937
-0.33522244294484455
-0.8530657961964607
-0.024335816502571106
-0.40965475142002106
0.9778283664158413
0.4094420731067657
-0.9910228550434113
0.3000136688351631
0.8964207470417023
0.23423615429136488
0.1503328595842634
-0.44915714859962463
0.7398087514771355
0.9183829188346863
0.3007037490606308
-0.21874292407717025
0.23763481378555298
0.9889796137809753
-0.9999375740687052
0.6803855821490288
-0.9995875159899393
0.13890488658632552
0.11048854721917047
0.336391167981284
0.9995756149291992
0.26170483231544495
0.12998090471540177
-0.007312849164009094
0.1554840862751007
0.5280992150306701
0.5075639337301254
-0.3872062563896179
-0.3181417981783549
0.09290336238013373
0.24677960077921549
0.2244904769791497
0.11532232496473524
0.6980685676847186
0.994520977139473
0.3221713966793484
-0.9934978485107422
-0.4192808270454407
0.5302414447069168
0.5322960764169693
0.9813258051872253
0.22285892963409423
-0.5849211679564582
-0.16919361220465767
-0.9939430270876203
0.01597955822944641
0.38292424380779266
-0.8668408393859863
0.10438187420368195
0.156004436314106
-0.6128845751285553
-0.17353161573410034
-0.6312779784202576
0.20133363604545593
-0.1667893264028761
0.6825359016656876
0.16319060325622559
0.5941190421581268
0.6612514356772105
0.466114428308275
0.5541483640670777
0.24380725622177124
-0.9678137958049774
0.5434209174580045
0.04551478226979574
0.3072437246640523
0.3046202301979065
0.11228039264678955
-0.6826422469956535
-0.07971379160881042
0.10486539772578649
0.14580247231892177
0.8730138391256332
0.4865581914782524
-0.37936362624168396
0.025863349437713623
0.5026544481515884
0.9703127060617719
0.922604250907898
0.4864430824915568
0.3478165003988478
-0.4826393872499466
0.7823010742664337
0.7077671512961388
0.9803900633539472
0.33058032393455505
0.62326779961586
0.9853769881384713
-0.03492500384648641
0.15949101448059083
-0.4900970757007599
0.9952589339680142
0.2870611622929573
0.3983015775680542
-0.9800438761711121
-0.8376695173127311
0.10127563987459455
0.4459288546017238
-0.3191606104373932
0.41807011100980973
0.35598638228007723
0.1547369360923767
-0.02022649844487508
0.558880940079689
0.21959953308105468
0.9395772389003209
0.022289633750915527
0.43423914909362793
-0.2036486193537712
0.49677589535713196
-0.5637241840362549
-0.09428665041923523
0.6017898718516032
-0.25686773657798767
0.6795015931129456
0.9361214190721512
0.7148992334093366
0.4071679636836052
-0.9688453525304794
-0.151706725358963
0.3916699119976589
-0.2040502056479454
0.9919606546560923
0.5202421290533883
-0.6638147532939911
0.4228085534913199
0.5998589932918549
-0.24353349953889847
0.32887199852201676
0.3693482279777527
0.43607179820537567
-0.05785579979419708
0.9961296319961548
-0.4598398134112358
0.6846167941888174
-0.13629645771450466
0.6041853874921799
-0.07791756259070502
0.6040537456671397
0.3086814454623631
-0.1622551679611206
-0.35109206040700275
-0.37522682547569275
-0.31129236817359923
0.0007730722427368164
0.1428974469502767
0.4082146201814924
-0.20399552583694458
-0.04751929044723511
0.5082755535840988
-0.05229644775390625
0.10810412168502807
0.8776719570159912
-0.44151824712753296
-0.25520795583724976
-0.6718188126881918
-0.9545048574606577
0.3512718015246921
0.6541033312678337
-0.06253130733966827
-0.3013352023230659
0.001311182975769043
0.41553990840911864
0.32722430096732247
0.6153949413980756
0.005790784955024719
-0.3428362210591634
-0.31231678525606793
0.6543883000101361
0.8618137041727701
0.4279458693095616
-0.00014725327491760254
0.24454444646835327
-0.021414053440093995
0.2889937534928322
0.9335880610677931
-0.7292591631412506
0.9761545260747274
-0.5609317660331726
0.2855750843882561
-0.7085785791277885
-0.5978184342384338
-0.1650155782699585
-0.4395658714430673
-0.7396822273731232
0.1754446804523468
0.11871033906936646
-0.6462591631071908
0.6228383541107178
-0.2686428874731064
-0.33030493060747784
0.9172255843877792
-0.19648869037628175
0.008377283811569214
0.1388618520327977
-0.9976294721875872
0.33421607812245685
0.9912544250488281
-0.095852330327034
-0.9664114773273468
-0.42669231361813015
-0.33396722078323365
0.7503675137247358
0.9975903630256653
0.32436848282814024
-0.3323000868161519
0.7281646231810252
0.011106178164482117
0.1380366563796997
0.3979463832718985
0.5688414176305135
-0.5364070004887052
0.9993275105953217
0.5426801443099976
0.05336954444646835
0.48668714612722397
-0.48433512449264526
0.5855135122934977
0.6144385834534963
0.0391847014427185
0.18262479134968349
0.30806299050649005
-0.4456472396850586
0.20081344991922379
-0.6501140679631915
-0.9305402711033821
0.6006558736165365
0.1973768949508667
0.5024176597595215
-0.9159872680902481
-0.4184410505824619
0.8013518929481507
0.2984073758125305
-0.06438121199607849
-0.23389832973480223
0.10083397797175817
0.026838517189025878
0.7539661303162575
0.04749739170074463
-0.12192674875259399
-0.5932014584541321
-0.48441511392593384
-0.4558022767305374
-0.5552126301659478
-0.9911283850669861
0.35712859365675187
-0.5671988904476166
0.15708918703926933
0.35080740849177044
0.9820697233080864
0.8218895792961121
0.8096035520235697
-0.5234772488474846
-0.5014496892690659
-0.7030388050609164
-0.05526024765438504
0.30883969863255817
-0.059663701057434085
-0.9163342356681824
-0.3991804003715515
-0.5650955537954966
0.14530987398965017
0.4234631657600403
0.6836823523044586
-0.2872828394174576
0.4813239946961403
0.4537302777171135
0.6523301899433136
0.49575188755989075
0.08240485936403275
-0.06497779914311
0.7973799771732755
0.2570565715432167
-0.4103126049041748
0.07448752224445343
0.881810374557972
-0.05682772397994995
0.3387692928314209
0.053018346428871155
-0.3619826038678487
0.791132284535302
-0.520087738831838
0.2284415430492825
-0.6952084728649685
-0.05690346445356097
0.2255576327443123
0.7625973224639893
-0.07252994510862562
0.16585984230041503
-0.6084563970565796
0.3532844270978655
-0.1965708533922831
0.412736713886261
0.7145862355828285
-0.330452036857605
-0.05180227756500244
0.9815229773521423
-0.12317946884367201
0.0268177588780721
0.4288366138935089
0.1885032057762146
0.20700988599232265
0.02053027351697286
0.632903553545475
-0.30490806698799133
-0.24324334859848024
0.4774513840675354
0.3380278944969177
0.8995270252227783
-0.17748918135960898
0.39753021001815797
0.49013957050111556
0.029409930109977722
0.20092645287513733
0.07656462987263997
0.33081477880477905
-0.3302451471487681
-0.09996402263641357
0.566629687945048
-0.11802244186401367
-0.08227161566416423
0.05986373623212179
-0.9910662323236465
0.6420456341334752
0.18129734992980956
-0.48418671637773514
-0.7055440247058868
0.9856401483217875
-0.3218025167783101
-0.11998275518417359
-0.7142781813939413
-0.33553143342336017
0.4996896624565125
-0.5785976529121399
0.865497092405955
-0.48499660193920135
0.33980705340703327
-0.20099765062332153
-0.5316990092396736
0.20511641672679357
0.4827113226056099
-0.13862844970491198
-0.05343399941921234
0.2047277887662252
0.7302992476357354
-0.3020332455635071
0.3334393898646037
-0.0600149929523468
-0.24787738174200058
0.5885810057322184
0.0011861920356750488
0.7391503304243088
0.1154468297958374
0.7110984399914742
0.28923024733861286
-0.020840317010879517
-0.437911294400692
-0.5122545436024666
-0.2856047093868256
0.9861029585202535
-0.7062701185544332
0.9675469100475311
0.190124773979187
0.6731821128300258
-0.0025725066661834717
-0.4393198234694345
0.49794943630695343
0.024709661801656086
-0.9944056669871012
0.7741986182000902
0.19091625809669494
0.35934730172157286
-0.3738140861193339
0.540298342704773
0.4712833762168884
0.4929126650094986
-0.2409154772758484
0.7429554661115011
-0.7777609162860446
0.4162766933441162
0.06570428609848022
0.15261739492416382
0.49994468688964844
-0.5341047644615173
0.3505648970603943
-0.19696417450904846
0.8590511679649353
0.14886660708321464
-0.4886385372706822
-0.7572325931655036
0.6961539164185524
-0.25523120164871216
-0.5388746559619904
0.31342974305152893
0.12141292625003391
0.27162717448340523
0.5863187511761984
0.95344477891922
-0.1196752389272054
0.7619862755139669
0.630977737903595
-0.32382406791051227
0.4405210167169571
0.1899333255631583
0.289969523747762
-0.7380116581916809
0.28988605075412327
0.9873099327087402
-0.31004343430201214
0.2235208511352539
0.7083466872572899
0.5456208825111389
0.2397809773683548
0.9964628666639328
0.18789905309677124
0.6203555166721344
-0.22244560056262547
0.046897292137145996
-0.3699783853122166
0.999955972035726
0.40414851903915405
0.23985545635223388
0.7363267466425896
-0.1540212763680352
0.5370678156614304
0.4995957016944885
0.36159939169883726
-0.06212189462449816
-0.2715512752532959
-0.9207815527915955
0.0962700711356269
0.2827132701873779
-0.6849704384803772
-0.3195318579673767
0.1391365945339203
-0.39728279411792755
-0.9422647456328074
0.5046418607234955
0.49844199419021606
-0.44735214710235593
0.18836660385131837
-0.14806594167436873
0.29703686237335203
0.4353997930884361
0.8834622576832771
-0.23242973089218139
0.6360381344954172
-0.24307777200426375
0.8547346293926239
0.607963570526668
0.34152817726135254
0.6964299231767654
0.9051586985588074
-0.3779495507478714
-0.19596157755170548
0.7704813107848167
-0.3969053626060486
0.2986793518066406
0.24602416488859388
0.08581831306219101
0.39936012029647827
-0.3926883935928345
0.6551930223192487
0.665221631526947
-0.13294675615098742
0.4302293211221695
-0.7701704038514031
0.5490456938743591
0.22745203971862793
0.4005036413669586
-0.302589476108551
-0.33956908328192575
0.9401868184407552
-0.6768546530178615
-0.0071435438262091745
0.08129233121871948
-0.6459477345148722
-0.7678882926702499
0.4871731996536255
0.14912803173065187
0.7650158074167039
0.10871465338601007
0.3297735850016276
-0.5199276010195414
0.4556772708892822
-0.8944349459239415
0.04239059686660766
0.11072511970996857
-0.5095705628395081
0.5857315421104431
0.5147777133517795
-0.058830267190933226
-0.2050737738609314
-0.3145836591720581
-0.9787481650710106
0.6846591532230377
-0.45194877684116364
-0.585732638835907
-0.4141627997159958
0.4598100483417511
0.1990134596824646
0.10610151290893555
0.6512660469327655
-0.4296460066522871
0.40405341557094027
-0.5271107405424118
0.413185216486454
0.25545570999383926
-0.998335987329483
-0.9088289737701416
-0.9569591681162516
0.14890562295913695
0.13983618550830418
0.7092230096459389
0.10863045851389568
0.08140454292297364
0.9904372811317443
0.017719537019729614
0.12929601801766288
-0.728832483291626
0.92799887392256
0.48729235785348074
-0.6025989651679993
-0.36040862401326496
-0.19126217365264891
0.42832036813100177
0.25052279233932495
0.664326684815543
0.17335764850888932
-0.1970170855522156
-0.015003663301467896
0.35429301857948303
-0.6175551414489746
0.7573962741427951
0.24341124296188354
0.9148904780546824
0.37569305300712585
-0.11546750579561506
0.2590758502483368
0.6973514812333244
0.998064786195755
0.554043882422977
0.0012855902314186096
-0.5836561977863312
0.10144064823786418
0.9607130587100983
-0.3348283569018046
0.041971835825178355
0.5127871632575989
-0.4551154204777309
0.945895618862576
-0.49801988899707794
0.3841102197766304
-0.4103004574775696
0.29908553759257
0.9328282078107198
0.6795651614665985
0.1976359859108925
-0.28367552906274796
-0.48649483256869847
-0.25361391305923464
0.5962840020656586
-0.5008483380079269
0.23981791734695435
-0.09422527419196235
0.7271931916475296
0.22269428968429567
0.3095050785276625
0.13234270943535698
0.15810781717300415
-0.5110671371221542
-0.9105078180631002
-0.1328593134880066
0.19064952929814658
-0.02539202570915222
0.888013311794826
-0.6103571653366089
-0.10427252451578777
-0.4267795852252415
-0.7766046166419983
-0.28650228182474774
0.9548470377922058
0.4236312338284084
-0.8945460404668536
-0.6663203239440918
-0.6532761851946512
0.7338266894221306
-0.06000118785434299
0.2548665536774529
0.9683869630098343
-0.2217683434486389
-0.10775399208068848
-0.01682373136281967
-0.7195113822817802
-0.32298098670111763
0.7097350444112506
0.11545928886958531
-0.9574661652247111
0.99892657995224
0.4609873720577785
0.7679689526557922
0.411712904771169
-0.9167129397392273
0.5015127526389228
0.919880177293505
-0.9581114798784256
0.9998624324798584
0.4339081219264439
0.9661548137664795
0.375491738319397
-0.574036267068651
0.9955540554864066
0.010358497500419617
0.7515862716568841
-0.9593906700611115
0.6332767605781555
-0.859572688738505
-0.7636061236262321
0.5907337665557861
0.3830958753824234
0.6073013961315155
0.19985312968492508
0.6089367747306824
0.25329452753067017
0.996161699295044
-0.7381479367613792
0.6884815454483032
-0.7777146697044373
0.15796811878681183
0.7460301294922829
-0.7399842739105225
0.6658107340335846
0.4397876262664795
0.5563405871391296
-0.6154209613800049
0.7657255795266893
-0.5774675011634827
0.337339354885949
0.750506599744161
0.32896861765119767
-0.1465335011482239
-0.39942232370376585
0.9773408770561218
-0.26722296327352524
-0.0462021604180336
-0.054754515488942467
-0.3701405780655997
0.04049678146839142
-0.5571107745170594
0.5346822068095207
-0.9133791128794352
-0.05273589491844177
0.6099825739860535
0.08564366234673394
0.1196429505944252
0.09730454948213366
-0.612901258468628
0.2250396728515625
0.0807777898652213
-0.6098987658818563
0.4854592829942703
0.2471518019835154
-0.009487718343734741
-0.47534649074077606
-0.08980512619018555
-0.37035908963945174
0.4242823322614034
0.8827135264873505
0.3731510877609253
0.9746559943471637
-0.17867437998453775
-0.005992397665977478
0.5324169728491042
0.9315564632415771
-0.27450525760650635
0.6263241001537868
0.02392791211605072
-0.17372341288460624
-0.13692532777786254
-0.8741644422213236
0.003060668706893921
0.7335235327482224
0.26471038659413654
0.825008362531662
0.5867344273461236
0.2009855628013611
-0.5582544207572937
0.622942852973938
0.1950075775384903
0.6786640201296125
-0.17405868768692018
0.98353161662817
0.9893265962600708
0.5587579409281412
0.6665852144360542
0.430905781686306
0.5780852496623993
0.49090199172496796
0.7502058148384094
0.04694082587957382
0.740794335092817
-0.6973100006580353
-0.5479026436805725
-0.10592340230941773
-0.31004729866981506
-0.19576870203018187
0.6539646557399205
0.07299075524012248
-0.9249935865402221
0.05313080549240112
0.25904566049575806
0.6823515221476555
0.6097772518793741
-0.18831714391708373
0.3370999296506246
0.8893129030863444
0.332024441825019
0.9710714817047119
-0.2073257863521576
0.9908425807952881
0.9743889808654785
-0.7127107646730211
0.7865484952926636
-0.9734761615594228
-0.037059977650642395
-0.29253146052360535
0.8861340085665385
0.9380141943693161
-0.1595187783241272
-0.31822922825813293
0.1390291386180454
0.3356705837779575
0.9799435536066691
0.6248109440008799
-0.15235234498977662
-0.21180862933397293
0.3401603102684021
-0.26712913314501446
-0.4473697543144226
0.38975140878132414
0.4385352373123169
0.9279880126317342
-0.13881834064211165
0.9790310144424439
0.3141011655330658
-0.3783551785680983
0.3449045485920376
-0.030583739280700684
0.531773853302002
0.9368885457515717
0.6637938618659973
0.43578481674194336
0.9999710321426392
0.4283725449017116
0.028950068685743544
-0.027441257238388063
0.005319222807884216
0.46575353294610977
-0.28107773264249164
0.3191010554631551
-0.9995982646942139
0.6142147382100424
0.09852829575538635
0.18099479675292968
0.3240162531534831
0.9687053064505259
-0.2687244945102268
-0.45291562378406525
0.3089331520928277
0.9575655579566955
0.03186748921871185
-0.17209843546152115
-0.68392114341259
0.3513765335083008
0.9411150879330106
-0.8587488730748495
-0.029532790184020996
0.9831511718886239
-0.9609521329402924
0.6670691456113543
0.1247077186902364
-0.9629146531224251
-0.9281602965460883
0.4893404046694438
-0.2814667622248332
-0.23037434816360475
0.07879228724373712
0.002838924527168274
0.31957757472991943
0.4381566643714905
-0.43241682052612307
0.14051142666074964
0.26906900604565936
0.668947676817576
-0.5071394940217336
0.18498440086841583
0.9782403608163198
-0.19638426303863527
0.9983855485916138
0.3133158266544342
0.3535321354866028
-0.5173262357711792
0.9996498028437296
-0.12053802609443665
0.4218253663608006
0.4023387517247881
0.5359267327520583
0.7919680774211884
-0.04077807068824768
0.4010191857814789
0.19170741438865663
0.9186210930347443
-0.09358438104391098
-0.721275440284184
0.2712015062570572
0.007210685147179497
0.3034495777553982
0.1698127587636312
-0.520177553097407
-0.41862083971500397
0.3396921157836914
0.5521164894104004
-0.16511281579732895
-0.16920792204993113
0.24155751864115396
0.15983412265777588
-0.6394483372569084
0.1462704837322235
0.5513418912887573
0.4455212727189064
-0.008309519290924073
0.3219368855158488
-0.2189737388065883
0.2961200674374898
-0.33713918924331665
0.257186492284139
0.09900203678343031
0.22697921991348266
-0.5193527936935425
0.6004077911376953
0.7864874824881554
0.18875297904014587
0.03184781471888224
0.23081673681735992
-0.5175750454266866
0.9893170510019574
0.9923689365386963
0.1409180909395218
0.8583850637078285
-0.0865153893828392
0.9242096741994222
0.7526782006025314
-0.5920307397842407
0.02580709010362625
-0.9954091459512711
0.6815182447433472
0.6857852254595075
-0.2485295534133911
0.9952515959739685
-0.19103888008329603
-0.7874104248152839
0.5002521947026253
0.19225446383158365
0.34665653109550476
-0.4161871522665024
0.055532678961753845
-0.4757082909345627
0.7192332914897374
0.5411922216415406
0.5901174426078797
0.48930948227643967
0.4296378642320633
-0.06047987937927246
0.35682442784309387
0.060139973958333336
-0.11996136605739594
-0.3322039544582367
-0.1743994184902736
0.5083401203155518
0.962700605392456
-0.5961264729499817
0.07010012865066528
0.0010490616162618
0.11365377902984619
-0.9689671695232391
0.9036866426467896
-0.02123634682761298
0.5411098837852478
0.9581630304455757
-0.8672225872675577
-0.3065605428483751
0.18574391471015084
-0.7144046936716352
-0.5275915605681283
-0.220629354317983
0.23437967151403427
0.9921287298202515
0.44521018862724304
0.7565223574638367
0.7110608816146851
0.9806665033102036
0.7945544785923428
0.31608182854122585
-0.28312861919403076
-0.18457247813542685
0.4914473295211792
0.14715041433061873
-0.43091624123709543
-0.3391650716463725
0.7657644093036652
0.5405989661812782
-0.0787351131439209
-0.08926156494352552
0.44466523826122284
-0.1970641493797302
-0.006154373288154602
0.7362105761255536
0.3696263687951224
0.5044089779257774
0.19687590996424356
-0.027825579047203064
0.2793069084485372
0.14766191773944431
0.27280741267734104
0.10563024878501892
-0.36162551811763216
0.6750303592000689
0.9582970559597015
-0.5613240152597427
0.675470769405365
0.9426243305206299
-0.9226089649730258
-0.5595277309417724
-0.1820392268044608
0.13434282541275025
0.6609361469745636
0.10119995143678454
0.7984082367685106
-0.31109992663065594
0.6845443546772003
0.2734297215938568
0.3950471480687459
0.2655199368794759
-0.5945359826087951
0.5991360942522684
-0.3598196506500244
0.0818470451566908
-0.333847314119339
0.994944820801417
0.9910983324050904
-0.28156503438949587
-0.664618045091629
-0.03189818561077118
-0.8640150957637363
-0.23242784630168567
-0.4328247159719467
0.9331941604614258
0.4475782886147499
0.9980696638425192
-0.35267162322998047
0.99981290102005
0.9117385546366373
0.39959074556827545
-0.0485532283782959
-0.13441380262374877
-0.6293329358100891
-0.4117284417152405
-0.23527783155441284
0.3785714421953474
0.9670409900801522
0.32157056199179757
0.29592684904734295
0.9999117851257324
0.5022351816296577
0.29685283369488186
0.18743548393249512
0.5451520204544067
-0.09050029516220093
0.5179849565029144
0.1821134567260742
0.4072342004094805
-0.17335909605026245
0.9491376757621766
0.5272344350814819
0.5957320266299777
-0.34402747948964435
-0.3926756739616394
0.9732542932033539
-0.8164442777633667
0.313504159450531
0.33310467004776
-0.3518371403217316
-0.892999792098999
-0.613176425298055
0.7748865723609925
-0.5071698874235153
-0.1897316575050354
0.33436210950215656
0.4337274432182312
0.9959689855575562
-0.654796173175176
0.6439964294433593
-0.6513592700163523
0.9931661039590836
0.9322807788848877
0.007643441359202067
0.07927749156951905
-0.006441026926040649
0.49550847709178925
0.9989416599273682
0.14135744174321493
0.10937613911098903
0.4967445582151413
0.3326941728591919
-0.3406554725435045
-0.14465031027793884
-0.19304781407117844
0.219589464366436
-0.9989518324534098
-0.3188597857952118
-0.37028805414835614
-0.5114603307512071
-0.16422514915466307
-0.021440428495407105
0.38298299482890535
0.04631124436855316
-0.1030388010872735
0.5945521473884583
0.4214085340499878
0.5698767900466919
0.2811219096183777
-0.7144554853439331
0.31379836797714233
0.25606828927993774
0.34334637224674225
-0.12388736009597778
-0.125279039144516
0.9514995068311691
0.4756481423974037
-0.6063360869884491
-0.6921018560727438
0.8755223080515862
-0.10700686488832746
0.33255549934175277
0.6531884670257568
0.49698949605226517
0.17266188859939574
-0.5161130353808403
0.9776931330561638
0.08658897131681442
-0.4573023319244385
0.32743723524941337
-0.4319174289703369
0.6830610483884811
0.3697566449642181
-0.3706255290243361
-0.1524292060307094
-0.3547171354293823
-0.15965502262115477
0.12272636379514422
0.4228431667600359
0.6464280684789022
0.11854614530290876
0.2808227671517266
-0.49697620421648026
0.7474385499954224
-0.2504023313522339
-0.6537210600716727
0.4810333102941513
-0.622494637966156
-0.5577697634696961
-0.5010904371738434
0.616688781314426
-0.5321588847372267
0.28557150893741184
0.07995774348576863
-0.09720559914906819
-0.2827775677045186
0.6309383630752563
0.15175492422921316
0.27425312995910645
0.8776719570159912
-0.16440294682979584
0.2564569115638733
0.7843153476715088
-0.2670622944831848
0.9801480571428934
-0.5290564745664597
0.23259083181619644
0.3912079751491547
-0.41077915259769987
-0.2722659409046173
0.040460782391684394
0.1659618275506156
-0.695135840347835
-0.1414094226700919
0.5474168837070466
0.32497788667678834
-0.13543836938010323
0.4064500757626125
-0.1883465051651001
0.6023211359977723
0.6003304421901703
0.5377639002270169
0.459807140486581
-0.30474421977996824
0.2817855974038442
-0.022668370178767612
-0.4909803569316864
0.4787992835044861
-0.2760293707251549
-0.0333577295144399
0.540741604566574
0.6546911795934042
-0.7245974143346151
-0.4527659501348223
-0.16621671404157365
0.9872999340295792
0.002799232800801595
-0.36400070786476135
0.22821663320064545
-0.8203247487545013
-0.13539985815684
0.0378130853176117
0.4743811130523682
0.0009707212448120117
-0.22676772730691092
0.6526207228501638
0.5311556532979012
-0.6153938240475125
-0.04114947468042374
-0.1186397841998509
0.5663318812847138
0.7709677086936103
0.13770431280136108
0.8812050223350525
0.998037114739418
-0.46628911793231964
0.05907866358757019
0.537628811597824
0.1909690499305725
0.9874529838562012
0.4744286835193634
-0.22467106580734253
-0.16872268063681467
-0.8769242962201437
0.6405371949076653
0.5055224166976081
0.954277791082859
0.14733747925077165
-0.25125831365585327
0.682647705078125
0.9349276065826416
0.32843218247095746
0.5623993813991547
-0.38817691140704685
-0.7435745133293999
0.9250882506370545
0.5743191123008728
0.28493719299634296
0.011600661277770995
-0.005084596574306488
0.681353434920311
-0.19230547973087855
0.9935319796204567
-0.135383597442082
-0.4212768226861954
0.05621159076690674
-0.0045906007289886475
0.9911889178412301
-0.31008482724428177
0.2593522071838379
-0.4494266850607736
0.031324759125709534
0.32127437326643205
0.8945790429910024
-0.9979749321937561
0.9229461124965123
0.12848045428593954
0.4950442413489024
0.5671036541461945
0.5254589796066285
0.5638257563114166
-0.33035250504811603
0.016958080232143402
-0.7908331081271172
-0.9816171526908875
0.3277175923188527
-0.0821018636226654
-0.14756585018975393
-0.32551129907369614
-0.32526185115178424
0.5972628116607666
0.36811213360892403
0.5828790545463562
-0.06709957718849183
0.6882497866948446
0.2801888957619667
0.9969785043171474
0.2909470945596695
0.0008819699287414551
-0.5702740020222135
0.3464706473880344
-0.4956384168730842
0.5548465847969055
-0.21259760856628418
0.29223665595054626
-0.7386670708656311
0.10628250241279602
0.10247519281175402
-0.21531758989606584
0.4847731739282608
-0.3369239370028178
0.08228086573737008
0.11320992708206176
-0.24105019569396974
0.33815497159957886
0.10632863640785217
-0.43950313329696655
-0.12197956773969862
0.7384273111820221
0.7643406391143799
0.9923997074365616
0.060722291469573975
0.33328306674957275
-0.7070194908550808
-0.23103986978530883
-0.04903833568096161
0.09883461594581604
-0.9705287367105484
0.07889155546824138
0.4183471202850342
0.5119725863138834
-0.0026636868715286255
0.5945773601531983
0.6871652205785116
-0.2577536304791768
-0.9992396831512451
-0.03232093652089437
-0.4456908106803894
-0.16004608074824014
-0.14354053565434047
-0.4695887565612793
0.22003839015960694
-0.5167611986398697
0.037743727366129555
-0.6435308575630188
0.013214369614919027
-0.7258506119251251
-0.9664594729741415
0.4238519906997681
-0.2521415683958266
0.7965205192565918
-0.8277288164411273
0.2557706594467163
0.8050287167231241
0.5713766515254974
0.7343401511510214
0.9733280166983604
0.2982197205225627
0.38341426849365234
0.08905423349804348
-0.2815294961134593
0.10544592142105103
-0.2966509660085042
-0.22895278334617614
-0.4998036175966263
0.06465012580156326
0.4525121569633484
0.9690498471260071
0.6919846619878497
0.19544100165367126
0.981515367825826
0.9894611611962318
0.2973108622762892
0.9643160785947528
-0.1654779613018036
0.6668710807959238
0.5672324498494467
0.16832752525806427
-0.4287843480706215
-0.5761765241622925
0.9494092166423798
0.6068803429603576
-0.5008692807621427
-0.18636902741023473
-0.228559210896492
-0.4929860979318619
0.6471519693732262
0.8206049733691745
-0.12853942811489105
0.467319518327713
0.008137375116348267
0.6659050822257996
-0.4223981329372951
-0.14213172878537858
0.3604317009449005
0.23200425505638123
0.4264606407710484
0.07320752739906311
-0.03821201456917657
-0.3989702860514323
0.7196699231863022
-0.27954890578985214
0.7097736511911664
0.7071582145161099
-0.26790212392807006
-0.9524005204439163
0.23658933639526367
0.28968652089436847
0.27624933918317157
0.14191501670413548
0.4510800465941429
-0.6472769975662231
-0.06357977986335754
-0.6888779401779175
0.32391779952579075
0.44820447266101837
0.1426377466746739
0.43174000829458237
0.9824426174163818
0.5683646202087402
-0.4751157686114311
0.8989933133125305
-0.6406173606713613
0.006875089236668178
0.9994394911660088
-0.1814655363559723
-0.3412565655178494
-0.03898065537214279
-0.025034666061401367
-0.7296491786837578
0.24179654320081076
0.4323137253522873
0.4506489038467407
0.0672336220741272
0.9997568527857462
0.12564054131507874
0.9933364391326904
0.38815075159072876
-0.9614904761314392
0.5819853146870931
-0.9900053242842356
0.7468396902084351
-0.5610346376895905
0.15757416827338083
0.15908508830600315
0.47647634744644163
0.1235129748071943
0.35559970140457153
-0.44107941538095474
0.9506155371665954
0.4346416081701006
0.18744466304779053
-0.11759017195020403
-0.9938825964927673
0.4622180036136082
0.8325925370057424
-0.5487179060777029
0.9939659386873245
0.9524325827757517
-0.27949294447898865
-0.7580769459406534
0.7142730057239532
0.2978297472000122
-0.9579343497753143
0.9014797449111939
0.17232295870780945
0.917509400844574
-0.02190520167350769
-0.5499215655856662
-0.3932629466056824
-0.7109994515776634
0.1802700400352478
0.01969527204831441
0.5550737778345743
0.5330958035257127
0.6089926838874817
0.6195861200491587
0.2149647729737418
0.1639251559972763
0.18324832916259765
-0.1104846477508545
-0.333528995513916
0.13242926862504747
0.47918363979884554
0.49657870829105377
-0.03296410044034322
-0.7889834493398666
0.3556734522183736
0.568420304192437
0.9171037316322327
-0.43693056276866366
0.02942603826522827
0.2679936811327934
0.18142253160476685
0.4750693440437317
0.9993993639945984
-0.7666317621866862
0.6312101125717163
0.37422508001327515
0.01333068311214447
0.9260745545228323
-0.9981673806905746
0.16238519975117274
-0.1379583477973938
0.1353822946548462
0.9928115010261536
-0.0889351765314738
-0.15700657027108328
-0.9974415898323059
0.08695103526115418
0.5121520906686783
0.26188139120737713
0.9254682660102844
0.19909812808036803
0.5191619843244553
-0.17467318177223207
0.5065433382987976
-0.2799410045146942
0.537023538351059
-0.03660286664962768
0.9773281017939249
-0.01756097376346588
-0.3184749186038971
0.11948773264884949
0.7739415019750595
0.7014081850647926
0.3246387669018337
0.7574366501399449
0.7031320134798685
-0.28072622418403625
-0.0038417180379231772
0.14325042814016342
0.5701316297054291
-0.1375285585721334
0.30992501974105835
-0.7063753828406334
0.9763739506403605
0.3809492766857147
0.7299895220332675
0.2500778064131737
-0.038467907905578615
0.286038339138031
-0.1644292652606964
0.5748894333839416
-0.3383374611536662
-0.5042852312326431
-0.5610199570655823
0.49783316254615784
0.18837388356526694
0.9099490557398114
0.34298841442380634
-0.6636387606461843
-0.42045841813087464
0.7134591804610358
0.05037934333086014
0.2815731962521871
0.10220701353890556
-0.2758457139134407
-0.615699956814448
-0.106789197240557
0.3784472544987996
0.5828627745310465
-0.325283686319987
0.6808692812919617
-0.34629207849502563
0.19176014512777328
0.007175236940383911
-0.20570247769355773
-0.6069087028503418
0.27529163161913556
0.10707082748413085
-0.02702574133872986
0.28975733121236164
0.9075126126408577
0.42357431990759714
0.39095859016690937
0.8811089843511581
0.739641296863556
-0.8311391472816467
0.5676949098706245
0.5869384169578552
-0.41013261675834656
-0.1394867982183184
-0.11376789212226868
-0.5411606563462151
0.9065189702170235
-0.6204366485277811
0.005326449871063232
-0.16303602192136976
-0.29719316959381104
-0.7187335623635186
-0.7642559920038495
-0.2993643217616611
-0.7865148584047953
0.8759323537349701
-0.808036724726359
0.7620468080043793
0.012509445349375406
-0.9392589529355367
0.10977809958987766
-0.9997878670692444
0.02130016088485718
0.2842964331309001
-0.01990017294883728
0.46585772931575775
0.7178371921181679
-0.26539591550827024
0.70587025086085
0.041560067070855036
-0.575796616077423
-0.07382195525699192
0.006111159920692444
0.5166522935032845
0.1135263204574585
0.9420728534460068
-0.9971336364746094
0.2583047032356262
0.8688601851463318
0.47561964818409513
-0.9873210390408834
0.9686530977487564
-0.11870487247194562
0.930716335773468
0.22084922790527345
0.10128829214307997
-0.9227766320109367
0.022931973139444988
0.6103224158287048
-0.14424586296081543
0.4953881725668907
0.20138709992170334
-0.9748192131519318
0.9411501387755076
0.5868121147155761
-0.934669554233551
0.38333822999681744
-0.43107788051877705
-0.6056806359972272
0.9973378777503967
-0.6834078686577933
-0.5323217213153839
0.8403497338294983
-0.14805901050567627
0.40411068002382916
0.8776719570159912
0.9900303930044174
0.2936754450201988
0.8533218741416931
-0.9940592050552368
0.6478828617504665
-0.9323549071947733
0.6474338918924332
-0.000802941620349884
0.28866125345230104
0.9364667534828186
0.30083026736974716
-0.9994215965270996
-0.1804399609565735
-0.13642154137293497
-0.6341364979743958
-0.5985069632530212
0.4725315496325493
0.5923587441444397
-0.67765773832798
0.9963538646697998
0.9283505976200104
0.9971506148576736
0.7205408737063408
-0.4873937740921974
0.35951727628707886
-0.00036639968554178876
-0.9281982481479645
0.3415460189183553
-0.2356463074684143
-0.5548306173748441
0.01793509125709534
0.12819963693618774
-0.6654978394508362
-0.5863103151321412
-0.4916030367215474
-0.2906491160392761
0.3992091587611607
0.3063499530156453
0.9123791828751564
-0.2782460987567902
0.3959039330482483
0.4031114876270294
-0.998981699347496
-0.4857354164123535
0.016886850198109944
-0.6086122751235962
0.28614532947540283
-0.02172933518886566
0.5376969933509826
0.8916692435741425
-0.2075265884399414
0.26362331708272296
-0.17472967505455017
0.1529759934970311
0.9479014277458191
-0.8657983303070068
-0.12051456173261006
0.7406807967594692
0.08303968111673991
-0.15794703960418702
-0.00600336492061615
-0.4479708160672869
0.11317449808120728
0.1099051766925388
0.9902955770492554
0.9295931160449982
0.5717062022950914
0.7769487917423248
-0.01971849799156189
-0.41168752908706663
0.42926583886146547
0.48211459981070626
0.5744139432907105
0.7288033025605338
0.9932597180207571
0.051143065094947815
-0.13021767139434814
0.23013416528701783
0.20040377229452133
0.5021776333451271
0.24227343996365866
-0.2809998657968309
0.22978852689266205
0.2147715210914612
0.6110450446605682
-0.1771468690463475
-0.11638994349373712
-0.9892592191696167
-0.2775228261947632
-0.1662731409072876
-0.6021731240408761
-0.6107990026474
-0.44144379241125925
0.0013029078642527263
0.7218366094997951
0.4899216964840889
-0.721544603506724
-0.38243492841720583
0.17919617146253586
-0.04858875274658203
-0.1345322813306536
-0.1731244921684265
0.32359085480372113
0.5887014865875244
-0.030899256467819214
0.22722746133804322
0.9410301106316703
0.99445338845253
0.5999216318130494
0.6371198892593384
-0.42965570092201233
-0.12086068732397896
-0.34774334563149345
0.9981313248475393
-0.08945037921269734
-0.45493647787306046
-0.6017348269621531
0.21373780965805053
-0.2878921694225735
0.05785632133483887
0.3318820397059123
0.28955644369125366
0.08348864979214138
0.7433784263474601
0.3439195156097412
0.986728698015213
0.43713211161749704
0.23411306738853455
-0.3806190590063731
-0.9387617366654533
0.10040384531021118
-0.9742868542671204
0.362732470035553
0.013581700623035431
-0.3813415586948395
0.11385700106620789
0.3434102601475186
-0.5345566093921661
-0.6156416601604886
-0.11069877445697784
-0.3135885993639628
0.20063042640686035
0.6716990896633693
0.20681033531824747
-0.5570534229278564
0.9667805135250092
-0.6114328900973002
0.3815156877040863
-0.3743508117539542
0.6984467307726542
-0.06490184201134576
0.2624956899219089
0.6052121784951952
-0.38332606852054596
0.6165268838405609
0.4874974489212036
0.07137929068671332
-0.33220672607421875
0.9865584373474121
-0.05780644927706037
-0.5811726649602255
0.005860723555088043
-0.370174902677536
0.5859841903050741
-0.4162258439593845
-0.25713748931884767
0.9639736041426659
-0.5685759961605072
0.10786806212531196
-0.6621512174606323
0.7491481039259169
-0.34680817524592084
0.999881386756897
-0.4339059144258499
-0.2240755319595337
-0.029793404042720795
-0.1287305454413096
0.5044721364974976
0.40424978733062744
0.48687292635440826
0.6724266111850739
0.2636595070362091
0.990333354473114
-0.1902340054512024
0.1176444411277771
0.535651832818985
-0.8782177236345079
-0.5707361102104187
-0.8014464974403381
-0.0509757399559021
0.9609889586766561
-0.10531435694013323
-0.50242680311203
0.07048981530325753
0.6828352014223734
-0.1746802462471856
-0.06771552562713623
-0.2892560809850693
-0.00987514853477478
0.19277326549802506
0.4172886510690053
-0.9972570406066047
0.7329040542244911
0.7804508954286575
0.9947226196527481
-0.28700457513332367
0.6028302311897278
-0.3932465116182963
0.08353968461354573
-0.07077080011367798
0.5207754448056221
0.9962054491043091
-0.976928436756134
0.9887253940105438
0.6544967823558383
0.19027677178382874
0.6147907018661499
0.9746414224306742
0.639465069770813
-0.961086243391037
0.38856616616249084
0.1046460781778608
0.4403655793931749
0.8733598828315735
0.3781890392303467
0.17397605710559422
-0.2236783266067505
0.6152065023779869
-0.1701338529586792
0.1674358977211846
0.35831010341644287
-0.051917240023612976
0.22610091500812107
0.39411086589097977
0.7226824263731638
0.5378506978352865
-0.014880722761154175
0.5546837780210707
0.4979698657989502
-0.9988044649362564
0.7030618020466396
-0.2852535588400705
-0.15842591524124144
0.1122528076171875
-0.37950506806373596
-0.08782893419265747
0.4182214311191014
0.008942246437072754
0.015372228622436524
0.7664228280385336
-0.4077226349285671
-0.9384810328483582
0.33484294017155963
-0.20612835884094238
0.6238806843757629
-0.8950808495283127
-0.5844701102801731
0.26693358023961383
-0.6579157710075378
0.03514395952224732
0.3010588420761956
-0.713684218270438
0.05328981578350067
-0.03767527639865875
0.4861738549338447
0.4306028336286545
0.3269396755430434
0.7687941193580627
0.7234149641460843
-0.3269024150712149
-0.74883221834898
-0.2844802439212799
-0.9739664395650228
0.1351979242430793
-0.45533520728349686
-0.7251091450452805
0.323316044277615
-0.4689972624182701
0.9946086406707764
-0.10664104090796576
-0.9980072577794393
0.23345441818237306
-0.1808777962412153
0.5189079865813255
0.9504029080271721
-0.14266310135523477
-0.05944041694913592
0.8718486651778221
0.4479736387729645
0.4293743193149567
0.9976255496342977
0.24792006611824036
0.12026106459753853
0.7591647108395895
0.3277199864387512
0.3834123909473419
0.3686254248023033
0.44658760513578144
0.03721659630537033
0.3529173880815506
0.7189773056242201
-0.23733657002449035
0.04221216837565104
0.9395287036895752
0.17606078386306762
0.5713387250900268
0.9938628226518631
0.7135366731219821
-0.5323198139667511
-0.6375144839286804
-0.9557958245277405
-0.059392680724461876
0.410359650850296
-0.050122544169425964
0.18168532848358154
0.6091417074203491
0.40387231707572935
0.6638695100943247
0.47630273633533055
0.1494792327284813
-0.2679563283920288
0.0854487485355801
-0.3488929271697998
-0.7208170890808105
0.008926063776016235
0.025797277688980103
-0.4666222706437111
0.9545150250196457
0.8798256317774454
0.5027391016483307
0.9997425079345703
0.003451508283615112
-0.9976534992456436
0.5252900063991547
-0.23226666450500488
-0.6888957470655441
0.34580330337796894
-0.2878049711386363
0.9322810901535882
-0.435144237109593
-0.44527220726013184
0.44839849323034286
0.025142449140548705
-0.9789869018963405
0.9051527049806383
-0.997358500957489
0.6761048038800558
0.0668739601969719
-0.027703038283756802
0.6920252740383148
0.9129123091697693
-0.25807616114616394
-0.9871941719736371
-0.45201997246061054
-0.27259049415588377
-0.17257897342954362
0.3718899573598589
-0.5932844042778015
-0.763108472029368
-0.007746696472167969
0.9517185025744967
0.024278804659843445
-0.1336315189089094
0.8893454968929291
0.6880033239722252
0.9601983626683553
0.369640224509769
-0.3752134342988332
0.3091266254583995
0.055593748887379967
0.8918892443180084
0.44360205956867765
-0.49042198807001114
0.6873765885829926
0.9217203987969292
0.47663410504659015
-0.22140230238437653
0.9645082950592041
0.3360077738761902
-0.23917126655578613
0.9417874349488152
0.2953829268614451
0.09412254095077514
0.09007362808500018
0.9093676134943962
0.2781810685992241
-0.06177446246147156
-0.17749186605215073
0.5365926995873451
-0.33959732453028363
0.48905638605356216
-0.30826762318611145
0.4761518571111891
0.5035993605852127
0.34574152363671196
-0.636824498573939
0.11579998731613159
0.9871674180030823
-0.4358382970094681
0.3560449481010437
0.9721095561981201
-0.5808781087398529
0.6028425216674804
0.431407630443573
0.23261316418647765
-0.07065052456325954
-0.446681729384831
0.6826023459434509
-0.3343529568778144
0.6165360510349274
0.3509729078837803
0.3786133944988251
0.007004797458648682
0.4758103370666504
0.4395168423652649
-0.322235902150472
-0.3011394217610359
0.051246178150177
-0.9960248172283173
0.9790317912896475
0.7232898133141654
0.7625074923038483
0.06367124319076538
0.5927312705251906
0.9012197719679939
0.6858511805534363
0.11012033820152282
-0.6439737558364869
0.2766202315688133
0.9482665061950684
-0.37323595417870414
0.47165412455797195
0.6018945078055064
0.30552905797958374
0.8776719570159912
-0.10034645455224174
0.5581328074137369
-0.5380202755331993
-0.30207526683807373
0.9516601732798985
-0.2971563736597697
0.9506655590874808
0.5095840295155843
-0.07202877600987752
0.47570182383060455
0.49481359124183655
0.3230815662278069
0.8776719570159912
-0.17201852798461914
-0.14270820787974767
0.9776472091674805
-0.08735978603363037
-0.015547831853230795
0.5949927965799967
0.32685859203338624
0.4067220262118748
-0.03696313500404358
0.3494122823079427
0.4954049785931905
0.29637379116482204
0.10804095533159044
0.346296489238739
0.2136517882347107
0.020896358149392263
-0.8956385850906372
0.27931226789951324
0.2781569004058838
0.9998378306627274
0.41420934597651166
0.35941890478134153
0.3388427562183804
0.9784838557243347
-0.5970146596431732
0.14798357486724853
-0.36617142813546316
-0.002522975206375122
-0.6701093571526664
0.06650698184967041
-0.7176047733851841
0.5486639340718588
0.9173400402069092
0.9867192010084788
-0.9823254644870758
0.4203637157167707
-0.09593684332711357
0.7233888506889343
0.1636339851788112
0.766878567636013
0.3867073655128479
-0.0036667585372924805
0.025936567783355714
0.9611286785867479
-0.8991705060005188
0.9945354908704758
-0.553027331829071
-0.15972596406936646
-0.13576017485724556
0.08776673078536987
-0.6902875403563181
0.38938318490982055
-0.42479850351810455
-0.5555477605925666
-0.4837166666984558
0.7801474531491598
0.47544798254966736
0.4711945131421089
0.6676299174626669
0.6037461519241333
0.5283748706181844
0.2678951819737752
-0.9340602681040764
0.372907688220342
0.18203020095825195
0.45614834129810333
0.2576056718826294
0.1193099319934845
-0.3076306879520416
0.5403637513518333
0.47389258444309235
0.3675490750206841
-0.19719208478927613
-0.5614832162857055
-0.01574759350882636
0.26617665886878966
0.5119600362247891
0.14379374384880067
0.08421344416482109
-0.9802624881267548
-0.15355560514662
-0.3485400279362996
0.3626798817089626
0.13198433982001412
-0.5616290092468261
0.1638501763343811
-0.9499460359414419
0.4493331568581717
0.22282697757085165
0.48475170135498047
0.07070978879928588
0.6706857681274414
-0.4114439818594191
0.9467260970009698
-0.995565801858902
0.3903458799634661
0.3805271585782369
0.6997871920466423
0.6717392717088971
0.557768722375234
-0.6005601406097412
-0.3569977084795634
-0.05077297240495682
0.1646799325942993
0.7152735590934753
0.6311787452016558
-0.18162012100219727
0.3316727810435825
0.036489278078079224
0.7539970874786377
-0.37218581778662546
0.9173275709152222
0.07947683334350586
-0.7801620960235596
0.9813355803489685
0.9475513100624084
0.22716735005378724
0.32191960300718037
-0.33025234937667847
0.29531213641166687
-0.649099220832189
-0.25031778812408445
0.7146386248724801
-0.5126449942588807
0.26574674993753433
0.5773485600948334
0.26088784138361615
0.6438779592514038
-0.4620680570602417
0.2837103207906087
-0.5152258038520813
0.41626590490341187
0.5712848239474826
-0.46403137445449827
-0.7436435563223702
-0.9148476123809814
0.09633504152297974
0.9980689287185669
0.9617976082695855
0.4279637485742569
0.8032880872488022
0.575158973534902
0.1494593143463135
-0.07293521695666844
0.8776719570159912
-0.5448810935020447
-0.598374342918396
0.2600818514823914
-0.3191048502922058
-0.6674662431081136
0.008698302507400512
-0.35437657435735065
-0.02607266902923584
0.3612021538946364
0.08323415120442708
0.495739184319973
0.3827996402978897
0.9528937339782715
0.5149323542912801
0.2721226480272081
-0.5645158529281616
-0.04669719934463501
0.16909074187278747
0.8649733861287435
0.4342908188700676
-0.18257837494214377
0.5937506556510925
-0.23067174355189005
0.04927511347664727
-0.02023223787546158
-0.6868721331868853
0.1988588809967041
0.7397750914096832
0.17561166882514953
-0.49096111953258514
0.4008488118648529
0.3392504870891571
0.7269015179740058
0.935292641321818
0.5998427669207255
0.1392225537981306
-0.12953965153012956
-0.46393425124032156
-0.02078673243522644
0.47784008582433063
0.48041432350873947
0.054508132593972344
-0.15531445294618607
-0.3261612190140618
0.5212467643949721
0.16540543735027313
0.03532600402832031
-0.7105308260236468
-0.0331597775220871
0.9894141674041748
0.273170272509257
0.6301539093255997
-0.6026110291481018
0.01741372048854828
-0.32107431689898175
0.47867877781391144
0.39482201635837555
0.3522232174873352
-0.16639486948649088
0.09830167293548583
0.22455565333366395
0.3794556771005903
-0.4733639160792033
0.9129463136196136
-0.009035160144170126
-0.15121781826019287
0.22297938913106918
0.2645749118593004
0.3508504827817281
0.003341466188430786
0.07441977659861247
-0.036565959453582764
-0.22209179997444153
-0.007226169109344482
0.28256168961524963
0.5575904965400695
0.6724760383367538
0.3461947202682495
0.3249934494495392
0.5033931798405118
-0.10527302159203424
0.9860369712114334
0.5046287046538459
0.7781281769275665
-0.7566591918468475
-0.9468637466430664
0.038152108589808144
0.192837692797184
-0.07124372720718383
0.008190065622329712
-0.9794797130993435
0.7477177679538727
-0.9937380978039333
0.436359703540802
0.5119992256164551
-0.334364394346873
0.2274179458618164
0.01844303806622823
0.7267908155918121
-0.5475818991661072
0.11537555285862514
-0.18044169460024154
-0.5862236618995667
-0.5264127016067505
-0.5685437202453614
0.5063562095165253
-0.4579674005508423
0.30492432912190753
0.6274330119291941
0.06912942727406819
-0.049883365631103516
0.47825197378794354
0.5475702749358283
-0.13697276512781778
-0.2905466854572296
-0.06230353315671285
0.9672168890635172
0.36764507823520237
0.11265575885772705
0.40677741169929504
0.5875979214906693
-0.2315698266029358
-0.7522694042750767
0.6217539821352277
0.9248965531587601
0.20887120962142944
0.9971141616503397
-0.7305300235748291
-0.35934513807296753
-0.5930880427360534
0.9537427425384521
-0.2702084680398305
0.17288644313812257
0.6578755378723145
0.9122399347169059
-0.5809751600027084
0.37397762537002566
0.5520844459533691
-0.2976423038376702
0.6413453391620091
0.2807904879252116
0.3314158320426941
0.22885723412036896
0.7441887557506561
0.6137693166732788
-0.21925056725740433
-0.6653138995170593
-0.3032229807641771
-0.1025863630431039
-0.5201653987169266
-0.5393981403774686
0.0006902992725372314
-0.9956953227519989
0.47140395641326904
-0.342707011434767
0.00047396620114644367
-0.12173192501068116
0.36132697264353436
0.5287004172801971
-0.5803134356226239
0.25676343590021133
0.9440694716241624
0.7096640297344753
-0.6186398863792419
-0.14497298853737967
-0.9490697011351585
-0.45335958898067474
0.3935114826474871
0.7268719017505646
0.24147797822952272
0.3470760226249695
0.9987932443618774
0.9934992343187332
0.16300219893455506
-0.9154600501060486
0.7973827719688416
-0.6032905379931132
-0.2285530482019697
0.32477836310863495
0.9373990148305893
-0.3300318916638692
-0.5473425388336182
0.0028916746377944946
0.16699390278922188
0.6025515124201775
-0.7076399743556976
-0.20109423569270543
0.25250431150197983
-0.4305247515439987
0.40319811635547215
0.9887384474277496
0.47679997235536575
0.5143797794977824
0.013775847852230072
0.3197211027145386
0.12048914035161336
0.2109761953353882
0.1773495152592659
0.39041440933942795
-0.7622975826263427
0.32100690262658255
-0.47681938277350533
-0.26075661182403564
0.32271795802646214
-0.3348676860332489
-0.012542009353637695
0.34532831112543744
0.5462924242019653
0.48739347606897354
0.7734499110115899
-0.7253221273422241
-0.011231519281864166
0.7242522835731506
0.08785652262823922
0.3198518951733907
-0.9997527599334717
0.3216894467671712
0.5312235057353973
0.9993721544742584
0.4383902996778488
0.3420357174343533
-0.11399022075865003
0.6065455436706543
0.40961904185158865
0.3015088703897264
-0.5883735418319702
0.8953964114189148
0.7333396151661873
0.9489438931147257
0.5352141857147217
-0.23910303910573324
0.9771937557629177
-0.9317212899525961
0.7533283829689026
0.9971633553504944
-0.4102115531762441
0.3424119532108307
0.3304171959559123
0.8952197829882304
0.10897048314412434
0.9453229639265273
0.994919995466868
-0.03959345817565918
-0.20670771598815918
-0.4072049409151077
-0.1056021319495307
0.07131844758987427
-0.1295727789402008
-0.46047361691792804
-0.3109131455421448
-0.8387664159138998
0.0006980299949645996
0.13292060494422914
0.02105992039044698
-0.6969025433063507
-0.4139409065246582
0.9450778630044725
0.8703580051660538
0.18157460859843663
0.10265475511550903
-0.0829043984413147
0.09184524748060438
0.06699072652392918
-0.33817415684461594
0.754271849989891
0.31900717814763385
-0.0034064650535583496
-0.05665682256221771
0.94707772731781
-0.5053583681583405
-0.3911858081817627
-0.7147934171888564
0.3786379396915436
0.2683024803797404
0.5061247110366821
-0.21727798879146576
0.9471701553889683
-0.9988906780878702
-0.011577275064256456
0.5624305946486337
-0.04109349846839905
0.9229054301977158
0.5552853465080261
-0.40428736209869387
-0.5583827137947083
-0.46655651926994324
0.1326130884034293
-0.5881263315677643
-0.5124151766300201
0.7109419902165731
0.6116975665092468
-0.3755453626314799
-0.5721177220344543
-0.5539323091506958
-0.9450963288545609
0.26593176275491714
0.3440887928009033
0.6041415572166443
-0.41088928495134625
0.43453984601157053
-0.5567177414894104
0.3829108476638794
-0.9042898416519165
0.2974375709891319
0.015502214431762695
0.16295376088884142
-0.34719083706537884
0.08516514963573879
0.985406243801117
-0.5446788370609283
0.5550177229775323
0.7501839101314545
-0.5228200078010559
0.995830312371254
-0.4797995835542679
0.0133589506149292
-0.43666018545627594
0.280131717522939
0.4371829479932785
0.09407554070154826
0.48675166368484496
0.9484342038631439
-0.5767133474349976
0.9880624115467072
0.027871310710906982
-0.29233574867248535
0.9952335357666016
0.476173460483551
-0.43110116571187973
-0.9627912759780883
0.19352881908416747
0.2589348554611206
0.0837564468383789
0.9799921711285909
-0.4314104437828064
-0.68690996699863
-0.9900848865509033
-0.014124850432078043
0.22656627893447875
-0.29636242654588485
0.5415724780824449
-0.1334232177053179
0.06794026494026184
0.09433008091790336
0.32410268982251483
0.14265328645706177
0.13922439515590668
-0.02850913256406784
-0.1887916386127472
-0.03184555967648824
0.7041406631469727
-0.3649060385567801
0.6992289274930954
-0.16353315114974976
0.280554986000061
0.9936627745628357
0.7810156419873238
-0.9997010827064514
0.14896371364593505
0.4932653456926346
0.23210114985704422
0.05291050672531128
0.9876021072268486
0.7204789221286774
0.6555867373943329
0.9064837992191315
-0.1939319133758545
0.31259957287046647
-0.2502019330859184
-0.4216529982430594
-0.537329183684455
-0.3665993809700012
0.10741477353232247
0.11965352296829224
-0.4863608777523041
0.24364590644836426
-0.7779425024986267
-0.9970169067382812
0.8636342287063599
0.38162604967753094
0.8776719570159912
-0.9900131821632385
0.26206406354904177
0.9569455782572428
0.25017035752534866
0.4767920523881912
0.02420833706855774
-0.40704951116016935
-0.16956603527069092
-0.02589230239391327
-0.6050666570663452
0.1638585329055786
-0.6198982851845878
-0.22269326448440552
0.06703971823056538
-0.12616893223353795
-0.42593225836753845
0.4858233630657196
0.9898691574732462
0.19552945345640182
-0.5616898934046427
0.6171305179595947
0.7483894228935242
0.6673223276933035
-0.316253920396169
-0.3087875048319499
0.02188306301832199
0.6921158007213047
0.6405916213989258
-0.4402892788251241
0.7696850895881653
0.08007249832153321
-0.1701226830482483
0.2436475932598114
0.6785907016860114
-0.196637076990945
-0.49848197400569916
-0.5491615789277213
0.5188734233379364
-0.18883953988552094
-0.6493883530298868
0.9762188096841177
-0.06749870095934186
-0.983728751540184
0.335429847240448
0.546912704195295
-0.5094777941703796
0.9045486927032471
0.17189787626266478
0.5449774146080018
-0.940270219530378
0.003986736138661702
0.2241792231798172
0.9985580921173096
0.03590112924575806
0.6095416016048856
-0.9732403635978699
0.3357936143875122
-0.07690930366516113
0.8052800430191888
-0.5035350918769836
0.41273827850818634
0.023371726274490356
0.3016492894717625
0.26756956179936725
0.49836674332618713
-0.7082344889640808
0.9478847980499268
-0.985552966594696
-0.04730343073606491
0.28831885755062103
0.2774333879351616
0.6189583639303843
0.3067881294659206
0.427021324634552
-0.9972379207611084
0.21844898909330368
-0.3021207366670881
0.3723906808429294
0.3818836659193039
-0.5736264109611511
0.9889046311378479
-0.06403088569641113
-0.9368926286697388
0.7922154154096331
0.33457084496816
0.9261952539285024
0.5211912393569946
-0.9405184864997864
0.9861629605293274
0.4104405790567398
0.49760451167821884
0.03999203443527222
0.22461645305156708
0.22311945094002616
-0.38699011291776386
-0.24160311619440714
0.3250999649365743
0.9823867976665497
0.49830128252506256
-0.25638293226559955
0.2423316389322281
0.2369572122891744
-0.3847328722476959
0.29214901725451153
-0.5684302912818061
-0.5214691832661629
0.23391631245613098
-0.5785138845443726
-0.18780689239501952
0.2829989790916443
0.38596740790775846
0.59761723279953
-0.7753221809864044
0.6955016510827201
0.666004459063212
0.9865756928920746
-0.5869973964161344
0.5902589678764343
-0.1441539406776428
0.5268638581037521
-0.14310003651512992
0.6863980665802956
-0.18102778991063437
-0.05012867599725723
0.9967835630689349
0.3941518783569336
0.36916801929473875
0.957910332414839
0.7699346542358398
0.5745752784940932
-0.8970135549704233
-0.9979883631070455
-0.2686656614144643
-0.0007941275835037231
0.7148834126336234
-0.24873176217079163
-0.05179712176322937
0.6863626837730408
0.4558204934000969
0.3011782434251573
-0.03517851233482361
-0.5886121193567911
0.4557391285896301
0.19164063249315536
-0.07122035159005059
-0.20330868448529923
-0.10161213080088298
0.13461679220199585
-0.09771398040983412
-0.5225726366043091
-0.2286350131034851
-0.1739492192864418
-0.9840375006198883
-0.5300507148106893
0.13146959032331193
0.09003138542175293
-0.1875322699546814
0.271173882484436
0.6898428797721863
-0.14192591773139107
-0.9955849448839823
0.39991643599101473
-0.2093125581741333
-0.9896789292494456
0.0215570330619812
-0.9592537432909012
0.2849101424217224
0.36367058753967285
0.931312484400613
-0.3233433812856674
-0.05210511551962958
-0.32660934925079343
0.5876981019973755
0.1309417656489781
0.6019134124120077
0.6145577967166901
0.9548761248588562
0.1573276400566101
-0.9534595906734467
0.4959385022521019
-0.5548043118582832
0.40898871421813965
0.8502577781677246
0.1558725953102112
0.16884738869137234
0.7265574708580971
-0.11937912967469957
-0.1435332496960958
-0.22084157466888427
-0.021832823753356934
0.4182715892791748
-0.11016251359667097
-0.006334342062473297
0.5948523998260498
0.15581519156694412
-0.7920074939727784
-0.40047367811203005
-0.7338958755135536
-0.6236211061477661
0.5964641145297459
-0.16782920360565184
0.13387743631998697
0.40103958050409955
0.4618554711341858
-0.008349418640136719
-0.2685181379318237
-0.9318682909011841
-0.0867940452363756
-0.5909871459007263
-0.36620811621348065
0.9565332531929016
-0.37912068764368695
-0.012726441025733948
0.06133311986923218
0.9495625240462167
0.03916662931442261
0.5132684508959452
0.46113607713154386
0.12474905593054635
-0.20835044384002685
0.32180486406598774
0.9530497023037502
0.011235028505325317
-0.11212904453277588
-0.10580335723029242
0.04811624023649427
-0.3312572439511617
0.536468141608768
0.9724619133131844
0.31133190790812176
-0.7980485618114471
-0.15281758705774942
0.6097525783947536
-0.14238572120666504
-0.396211177110672
0.4866979643702507
0.9992722272872925
0.5458592996001244
0.07352874676386516
0.41796207427978516
0.11469480064180163
0.30877382556597394
0.9724229971567789
0.049405038356781006
0.3349429865678151
0.7236358299851418
0.9914087057113647
0.5794045686721802
0.29650939173168606
0.800777382320828
0.3218221200837029
-0.10928306314680311
-0.01506979763507843
0.47641658782958984
0.5475097835063935
-0.36515066027641296
0.5937750697135925
0.5950897097587585
-0.20886915922164917
0.5315472722053528
-0.3659244954586029
0.5383191903432211
0.755024360285865
0.09980125086648124
-0.40606305996576947
-0.02454027533531189
-0.5929927031199137
-0.41351813077926636
-0.09447862952947617
-0.707778639263577
0.7186752292844985
0.2259625017642975
-0.7625997066497803
0.8866499960422516
0.5429631339179145
-0.12632060713238186
0.6647523840268453
0.18955780267715455
0.1795875941004072
0.9964374502499899
0.019063013792037963
-0.022272348403930664
0.34477916691038346
0.27491586804389956
0.3099124895201789
0.020144939422607422
0.21501015424728392
0.3520777940750122
0.34022172292073566
0.31888649861017865
-0.9745461463928222
-0.20833311762128556
0.7638629741138883
0.7716427019664219
0.4000691970189412
0.33672861542020527
0.47442902624607086
0.10915964841842651
0.03855825215578079
-0.9967581629753113
0.639805725642613
-0.28956159949302673
0.6473709642887115
-0.7093100888388497
-0.8588874042034149
-0.16103856563568114
-0.6231859241213117
-0.9803153276443481
0.9236282209555308
0.9994621872901917
0.4829650968313217
0.41370344161987305
0.27098654707272846
-0.016326889395713806
0.32435335715611774
0.33417322900560165
-0.06908167401949565
-0.7733383297920227
0.9983111619949341
-0.6688303550084432
0.9693926175435384
0.31367770168516373
-0.9943369925022125
-0.11073590700442974
0.11703219016393025
0.8226402282714844
-0.5615212851100497
0.5867197453975678
0.9904633283615112
0.3192697564760844
0.3376052313380771
-0.30604419443342423
-0.012990325689315796
0.7232832974857755
0.8776719570159912
-0.28236866659588283
0.9688487946987152
-0.8658788601557413
-0.13933885097503662
-0.37739354372024536
0.18044810635702951
-0.47576917707920074
0.6845227678616842
0.9190402626991272
0.05976824462413788
-0.4549838474818638
0.6680405959486961
0.264748740196228
-0.3194727301597595
0.3402072654830085
-0.2888132557272911
0.7036517783999443
-0.578339566787084
-0.7361603180567423
0.12989741563796997
0.9753088280558586
-0.4848649832937453
0.29865848024686176
0.19784763124254015
0.965772233903408
0.03305830806493759
0.31514913588762283
-0.6532049689974103
-0.3075176013840569
0.006919659674167633
0.48592284321784973
-0.6802564710378647
-0.31908104568719864
0.13480755261012486
-0.9210304975509643
0.8926298107419696
0.9489399095376333
0.36497500113078524
-0.4918631613254547
0.14782258537080553
-0.22056763039694893
-0.696543642452785
0.9527590175469717
0.3302740454673767
0.27555719017982483
0.08908577760060628
0.38781148195266724
-0.6143032312393188
-0.11456304788589478
-0.4786866530776024
0.3992055356502533
0.5010299235582352
0.1319674187236362
0.6218839713505336
0.9290071427822113
-0.43207772076129913
0.8545260098245409
0.49837882071733475
0.9894049498769972
-0.7835678517818451
-0.9832756178719657
0.3827666971418593
-0.9350501596927643
-0.13037102752261692
0.5740466356277466
0.4939761981368065
-0.31985194981098175
0.5038923025131226
0.9572301166398185
0.4261311377797808